128
149
151
161
173
202
217
227
376
393
397
407
439
513
532
578
645
648
654
686
706
713
736
769
783
851
856
885
938
939
972
996
998
1039
1067
1097
1130
1133
1137
1144
1151
1157
1193
1204
1273
1282
1300
1336
1370
1392
1468
1480
1496
1513
1520
1565
1576
1583
1621
1629
1661
1687
1696
1742
1882
1913
1937
1939
1984
2007
2025
2040
2074
2104
2117
2124
2128
2147
2184
2193
2236
2319
2407
2436
2455
2478
2511
2619
2621
2640
2691
2727
2857
2862
2874
2876
2879
2882
2926
2978
3256
3266
3286
3306
3318
3375
3401
3420
3422
3434
3493
3560
3570
3579
3616
3717
3736
3777
3832
3868
3879
3882
3908
3935
4009
4010
4039
4125
4126
4131
4142
4146
4200
4301
4322
4383
4423
4462
4464
4465
4579
4604
4615
4627
4632
4669
4724
4740
4757
4772
4773
4775
4853
4866
4916
4989
5000
5035
5074
5184
5274
5281
5302
5318
5323
5417
5449
5489
5556
5560
5569
5576
5578
5689
5773
5850
5890
5893
5908
5938
5993
6028
6038
6124
6278
6289
6397
6497
6505
6570
6571
6581
6595
6622
6632
6734
6808
6827
6876
6881
6919
6925
6937
6952
7010
7031
7073
7086
7098
7123
7144
7157
7189
7223
7226
7241
7268
7358
7378
7474
7512
7546
7575
7621
7680
7687
7728
7737
7745
7778
7780
7851
7906
7939
7949
7992
7995
8004
8014
8019
8040
8073
8083
8101
8112
8114
8129
8149
8252
8271
8380
8446
8475
8477
8491
8492
8494
8520
8563
8571
8586
8592
8630
8640
8641
8656
8675
8709
8742
8779
8836
8864
8901
8920
9078
9090
9096
9149
9310
9349
9394
9408
9422
9530
9537
9642
9673
9682
9761
9769
9861
9875
9905
10095
10196
10216
10224
10243
10250
10258
10305
10310
10442
10482
10528
10535
10539
10559
10593
10614
10671
10686
10689
10703
10737
10781
10839
10841
10892
10907
10908
10958
10959
10980
11003
11057
11229
11263
11285
11296
11317
11393
11395
11397
11435
11448
11453
11457
11508
11541
11585
11672
11701
11759
11770
11792
11793
11883
11943
11950
11980
11981
12038
12075
12177
12204
12228
12388
12389
12394
12429
12446
12470
12494
12530
12532
12537
12538
12566
12582
12591
12596
12694
12724
12731
12788
12813
12817
12842
12853
12889
12903
12961
12968
13009
13086
13101
13109
13136
13149
13152
13163
13179
13245
13252
13310
13311
13351
13368
13381
13410
13418
13419
13464
13471
13551
13560
13564
13575
13637
13720
13726
13739
13754
13771
13773
13777
13778
13879
13892
13897
13967
14005
14043
14044
14093
14113
14126
14193
14231
14242
14254
14265
14273
14297
14359
14446
14455
14477
14533
14553
14582
14608
14630
14646
14672
14682
14747
14777
14781
14796
14811
14821
14822
14841
14943
14950
15016
15072
15174
15204
15254
15274
15358
15388
15418
15424
15444
15452
15490
15501
15502
15676
15698
15763
15780
15811
15954
16017
16058
16186
16205
16270
16312
16314
16339
16385
16400
16481
16496
16498
16499
16520
16521
16530
16537
16538
16553
16596
16605
16625
16727
16748
16754
16756
16767
16809
16841
16877
16946
16965
16969
16987
16994
17015
17053
17087
17126
17137
17164
17169
17214
17230
17232
17234
17240
17310
17311
17361
17380
17384
17442
17461
17467
17477
17554
17559
17603
17612
17618
17668
17673
17687
17747
17760
17802
17829
17855
17866
17878
17963
17974
17977
17984
17988
